0.0 0.0 0.0 0.95 0.94 0.0 0.0 0.0 0.0 0.0 0.0 0.0
0.0 0.0 0.0 0.94 0.95 0.0 0.0 0.0 0.0 0.0 0.0 0.0
0.0 0.0 0.0 0.92 0.94 0.0 0.0 0.0 0.0 0.0 0.0 0.0
0.0 0.0 0.0 0.0 0.0 0.98 0.91 0.0 0.0 0.0 0.0 0.0
0.0 0.0 0.0 0.0 0.0 0.97 0.93 0.0 0.0 0.0 0.0 0.0
0.0 0.0 0.0 0.0 0.0 0.0 0.0 0.93 0.92 0.0 0.0 0.0
0.0 0.0 0.0 0.0 0.0 0.0 0.0 0.95 0.92 0.0 0.0 0.0
0.0 0.0 0.0 0.0 0.0 0.0 0.0 0.0 0.0 0.91 0.97 0.93
0.0 0.0 0.0 0.0 0.0 0.0 0.0 0.0 0.0 0.99 0.96 0.9
0.0 0.0 0.0 0.0 0.0 0.0 0.0 0.0 0.0 0.0 0.0 0.0
0.0 0.0 0.0 0.0 0.0 0.0 0.0 0.0 0.0 0.0 0.0 0.0
0.0 0.0 0.0 0.0 0.0 0.0 0.0 0.0 0.0 0.0 0.0 0.0
